2711065392353458654
6770630405475379793
4954911004116821895
5432995039423960460
8294052294680392795
905240211262858434
3088579239015815704
5349940903649184898
4412091025693367261
6709854454260646974
6521499126974382074
1877168790201581115
4466111590003939139
3523693006463903551
8637648094449032967
3246225642049676978
422790285395843176
5089392720581624502
2647870535185130881
120914886498080313
8017592006865858753
1194060031193615824
2517135106833308655
4630815474512771504
7244999713954077736
3549248747165766661
3978726597730545682
7489754216200078096
2312564543577362871
5828915191694219924
7440499706712538978
3130991510514979309
3305844265567793732
150082639171988236
6239035957021245415
6414466405316559560
4004543335120425576
4856970283289255812
6483723063902993894
2476976637587272927
4642399744898429215
2614994666212077625
2530648448512511786
1370254633904908226
3195954775710993434
3401479840368307772
6210541416889526703
5371414350767959528
6966563449417700050
806105067989786731
2136700103063265582
6814615533400599228
5615103864173175914
3501290505444930284
7473885956647144147
4091647188363543099
559195481727329051
3168541907134894676
4977435141775632354
2743158170432638823
7858339957503362073
7173652364182260550
315489108559502203
7265044959381824868
4764256439230833264
2282810303096592540
4276466168771571411
4428042669369634827
8871145345731500869
545763321758593097
8761966322542119417
87474458731104429
2336396804232311725
4859676011572162745
5165852759394194187
6638730345959705755
6464799753732319462
7002559237649263305
3399504511471135683
1120700686641979624
181882150571471268
6076936731437124212
1510660115893921833
1743471034742546669
4735268770541136769
5603227381251089057
3096376042625197726
8678466952044026644
2564856064388897752
2820418109863680913
9040414648493067662
6707428893851479920
6906100758203878128
2734619453388965612
746739747995672323
3744723705105741346
3203734916751997686
357048998279650975
191337876239595189
1345142888398447485
6335572591776403903
2353700804504257155
400348343456340562
3478953527101042516
3947134669956675794
5511296654086278745
4271046144981484574
1259577345298145748
6927592819661711074
8522036874233624243
3472193440096510072
8665735367195680557
6304990093725518597
1438736610498312029
1969544698552908193
8047989091961891629
1244344075130586253
5910698875457349916
279150784301198209
4295967206584651828
2524359274977252696
4589466225620980204
1084951097151026427
3962066413181565540
8062911449360237220
7109833447423480906
6149858956153297712
2861115661013478016
2992961231224347728
3078265374513791235
5084931091870834332
7463923847510241404
1450893220167838401
3866967028993749570
6704941768261364138
6421557554250851136
7405476331617417100
2012084103810768152
2538726404894613098
7852647945469090133
3743715540510122138
7268890502153968727
1078490875751433063
8526329359959191764
8323399895930361920
6050848472181272404
6022336277595685717
8966052971490765990
3626833902384363325
4231869642999604404
3767228481129372200
1641940736412981056
6688620086447075467
3705384789383756528
8082052049684954260
3930541212455812847
1468953954246474788
8579665543832425496
412888137343225520
446145439247435262
3573735842000159
4024366642882168038
3724540026177452423
7873798160152537499
6631171953217482351
2516964755936214541
7161289834125919307
4283778428403252030
4908825523124651719
1649585964453235717
6915454339604963553
2836861915160008444
1942542533216759488
1850633484862817423
1199532022178173738
8620587323162251178
8918586739296387164
8962128580291817089
1273465404276779160
8443224012258295594
6498028819783354372
5583760860612362154
2089314678557887561
822383809521255695
3487011033211748458
3072379391492758455
679162003179787605
6073921719698007011
5326221376315520079
8745537702341884968
4539619276481840081
2043907798581498457
7028331879468287122
3032245209440542325
4484055251591084949
3466961698794639253
6428429479489779328
1335275509787154810
8057021885862840537
1698005731177157118
1277868405027484955
6146047482247871059
5922091252350808172
1785115094886652018
8522746051421563030
6287349483076670987
3009014716677553358
6771477312000698330
3600229496682985893
2580354669881593847
7753084515143621803
2143413022277052038
5353339272977798994
3052604534078003916
8841580299029703891
7599157951997900869
7260815986251949805
6983590566682705558
8813218866777255242
2071332250040179060
6421665651537479343
1030319519374524632
8641618253174103467
369458242529703997
5910736801125045251
2303068072892674800
8404371178131382168
6839931032412544805
6294955276626827138
1987695844871298596
7260938365913624486
6771991437386980890
5611422809258716500
2208125736016112062
5732912936545320645
2876781386605666241
8423293250950669851
5170945380147329437
4777471688469615092
6991105411031480215
9074049132663960477
7219791137229177845
1726554710102101229
58196306512250504
3677541777893024132
1021356142745725594
3851913770750306160
8057953902078978077
4430754134152991964
3413473637990913049
8287381036355551125
6686085086225229351
3698479238602329880
4337740054136121039
5567600579303803053
1847044903256837489
3633424768965393053
6069439476370442574
8756224577816446676
8824208288910679083
3847686401178989007
8572901344717927896
1387517499396401907
5405088190799615478
784201412771156308
6088887558800841030
2605054280904326321
8664329150027019267
7314078797176571948
6387638896303716930
7665367206209546190
7874131392250479458
5862620777387951075
5524195762418435184
7123531035456756328
269858949360704809
8039246598963385146
5200350721453269662
398112268055556226
738435774077223720
3439206584644681812
5283837529730892932
1923401030059823894
74292188580580686
414126128206263503
8950072387193279237
4653226476258358249
1428688033441849666
4478637454141209381
6588347644327989237
4831231321806355160
2736722747263159187
9079669029693401873
8558674503135829979
3261255329675385127
8655512163978486834
7996013215288742938
1054987407392111904
171069270325713446
5845828262695649245
3902870693630738573
5419405412024691170
946479222445909331
6435648788869607725
8805023072178389307
