4733021433280394508
4246361395268388973
8098979221366147936
8704205555860645519
4547332873160248612
1150784730990219602
3639960868754378942
7868250447845721249
5616631602806018939
8018551535451694761
4831741220464263659
3568691877435016968
1061640972791864368
8348398041567109149
2165465380289368020
947925987088924690
6260925681968654552
7975403624055966478
6229858419552949459
1688850117986725987
552081822756496567
8203791036332604005
8995206682541754885
2011941073055386228
6602347955219050443
3933836004044702765
6705696717853051842
1561000111621790865
8217465151826071708
3362646091020916248
5747880384172213404
8964170896614728499
4376705109549955312
975089198991878048
3182229651242681981
4746925285593429295
3144950575870595045
1998331170189370358
7523370938322208460
2639382259532678044
7042783951122098826
1593451641997280061
6174350562034571763
3245148381761808352
1764885554161064272
6227800868447470871
313207489355212240
5329684797335895112
693044457455515667
8366951414460816625
8896804484533843602
4130746537698800570
8565422219573961168
6248567576060034692
8098576345610620057
627408490299628144
7987135151794793060
8623635637342437439
6887253743673203774
2943734022797518566
8647537050438954787
7767167728539877584
5550518948433949926
5015382126332344168
456897492536416813
1840779272214675356
9017343933071569665
1306301045854334346
3671281430082799890
2749306056931502766
2621351820335486103
6518698867357297520
7186716450500794897
2616491357353006814
9155284882915123179
2857140922877235249
1743616222871453216
3620539166375462383
957809110768107761
1329219993574349333
5572020813585376381
2602849913342401346
1804946152064834981
1883764454320641512
2982123097122092338
4570031638068414991
8424892702294092093
5621316258728568132
1478851202884609486
4500482606675552305
1475680825738854518
8104726379493937606
3765142468776087511
7903387491779498978
4866623979018015056
3000497863453716512
5615612686254446664
3746877176128237495
8827665020299827129
224541235338866178
4705684618649037186
8140814539821088645
8783056263432200602
670611623262761196
4992937409548191733
4997742508119188201
8601872967143110908
4272271769295284753
6185841352313618946
5872818769031495430
4285308268695688192
6647855659614950831
5466927562265101257
1826248686316349539
7647753665121459743
2774921921971203251
5866806859724209043
6017158782321743959
2586192661477966569
8037688466007500356
2521119531464203329
7841665377978425041
7064168131070826903
6685049413704753808
3208238005279756982
3059756592242934761
9066959187828084512
7142151220495276593
6637121249447590856
5409009488251278534
2113351058799317031
8825543690504686031
6717399592655169525
9113313642559661513
3773582261185232337
710664126252092038
2198032050597011041
4247528755746292534
7195630153080154689
1707767805536440029
978662937544020382
5766860057022019392
3518874979857509417
2240753791600606295
8744671765344764598
6158983717997919099
2390756585798816362
6012932426923299437
8569914057213458833
6233643974089168092
219580153012042001
5586154378231647047
302797053190257547
8002270059738979354
5600556818220276960
72783030512519634
5103166371970547898
5150882117686361244
1071821944375556022
7233436532286202252
2064835273769863514
4436522656130723394
1443311903997381241
6132012700711215464
6962751236458968999
4072191298784997552
2818723819453935286
7812022051210959322
4886037720303209676
8037068371278696361
6673990501521835981
1504276688886658678
1159666000914523351
3781575883415439834
5010692252735655009
1668953953256700592
1692529064458700173
2289876854888451692
1332042168638523646
8043900395336516356
1770011895297927555
1054510834006199835
3900528248111541020
9170589650655126933
4965661986393782693
1071388255838620109
3008207281948134597
2472891941083620308
5816818170560086109
6920862454416716114
8101669629397156453
6221702299145717878
6206306747768468289
3724561958458689708
1897338425936299295
142266309913398241
6633276167370649326
5550226630802646597
2451148032429290786
8647492392602974502
7733368325612489624
3748407499759151134
5437927506916755975
1081795667150401738
7110561722979472255
2167931632125091491
6931715121288560367
4557396630821496652
7279252994813009732
8489087623980569331
3501129692261690626
3818148353262639761
6386962344692835299
8464004699609891045
455243403911851362
4169629027812758039
9193938662020595558
2735179181992147178
4493506207929671783
3360971197498376891
6200466487784775637
8634287555442344242
8973167311536907475
6844117489424846090
6472364474722096182
2027713683720721828
7274440451569923884
405214218214184046
7168093790461436989
6848951612025131223
8940454770138428035
6094131622002151917
1077385789018939975
8367762341151285305
9150714107202802500
6467156624276176256
1342140856352001404
5107005763834454440
1355848172915233232
1475492084001600820
8528903124066021347
7270846160311108534
8927272687127329467
6668578843323084959
2106998457770614755
3328735150528600473
9035468094277363389
8752261594732893028
986241938970080378
7764819235635230715
213362452869968327
8493257766090011525
6218949253960819351
5981095262132382250
3327556393937306278
2724042090526054471
2700696373057871451
926107363331578831
3272598437339549569
8181306744146515013
6370850444970602607
5069841227104638901
4738541238379868860
7778662916083274355
4291906433080334253
3362856373467633480
580875876770295705
2311600376513192172
5653523990331821171
1880978440486545977
2813223015076029805
883513174801639483
7329766307834289465
984112660072612017
3522667593056972033
8986713219092106237
7614541513411583324
4382113361802701320
7985391848484711471
3478751599662893310
5043009347472486150
1084771832190915333
5641986755547603531
6365260756734057069
7258012763571507124
3981972976337268045
5196068232671978367
7096034441886817421
5851373082229878993
4342973270746008763
526344117138912152
8353314548945842025
1947912872847174280
7991828948768819260
3835340405582336653
2848022151351913069
6066769301216107261
6950467694318615842
3104799918597989035
3158404529097390506
1980671754509298877
4156150020924597778
6279939653773647789
8155387533013650056
6761536228838512520
8300777149994707223
7036264405235241558
4789211190372398111
9084259909548077091
2593006946714393821
5389978777630571720
2694050999694876517
6373444064164867889
472161016904695047
8885521068455677261
2835390971438051472
5052069294255977389
6132135029170021202
3618599500745635408
7557332005526215945
4753684106942025694
1236629516527870183
8201913012531967555
8980971441438330555
2841628583637511270
5407990144432514595
6766203973332300050
8211715624728911957
8798715009216384487
1997922024494956372
1064452709710677237
8322002939989413444
6669266204579814327
3075156803355044297
