8206801614553676409
1702922365674051537
4964208940971650701
3617382480284428010
7611682930424307350
7631482707594624508
3363528149170885220
492741934159089721
7002394625235642683
4180560700797649286
1952101854956482183
3526542044708562177
791855955894062057
6698915539123368116
1560132793208929297
1011528888163888795
1243590857172754749
6735964599219461945
8196989864754236441
5461828577467217153
4172781656135287178
6618564080727385247
262843482839499145
1363140993377240087
5250220037471591660
6508038297284685680
7156922308640261529
50209227182079540
6645306485348145830
4717958937953934355
8254500113006731614
7656531292311339596
7507356414645728142
3878733876752501403
2966284516097426168
8936120452335565460
7966460782144570038
6004745705782719184
7856729619236435067
651408140418663930
3300139231635338630
5573699882213705275
6323270096246564391
3633290598416774131
8180827630743425538
8648355342919262350
7425026433520822890
3133066548540341754
4353356746503553135
2086421590515199114
8259184985216213196
6141799038932113825
8368098767759476277
5637559358220611856
7794333517005485111
7072356930016193203
6044885361927988770
2257851853397971082
5543447704533735088
5466859881502867201
7430211013680010068
4695092362659844692
1843510229228998456
5465866381217846818
8858729521154784872
8965524684750992074
8455371406966282925
6565651224885192698
7226114094411839266
8537780636848579722
2401162966111731259
644515595650022006
2082725881590187514
6636413154058250839
6323131274978077350
2293456304548751048
2164864442667493621
4412162465441947938
8233269088261544287
908716460041567881
8630508823982952021
8421281606144038072
7384932876255563088
3247562854881661993
8655144748646654282
1698614732127082918
9053018799778099041
8192359308634427063
1297775481134765035
3250187364775971928
968400811024299914
1660798036461614681
9069837610155794110
3232409372753221155
7854421718762680551
7861875313429117909
6494910090719763795
8459700362579131500
4084995436576008877
3865661192016738330
4656605156941579162
5711938096436213478
3513569063741836226
231268533140695907
786087818057016191
2192058527409049582
5874448181553975316
8956860356431089725	
3810006365336456536
3337298749916602756
7514510774442572612
5922819329114747972
7112156196378695550
506354922789283535
2919416546850812145
8697564913145012081
5964315229241439895
7508437264381959430
1085069807979376176
4133491361375294420
4052097447011384299
4304023875233053647
7833554740342521114
2065427402042564039
5167702439084364926
5218086124067619145
8139844333496507946
6046701442276499126
2748268130655324685
7635239523063577240
2431790446409845917
4575853565064561744
9133909139784871427
6474767413121401970
2883380454073290886
1582520423310879988
6647769105613926465
8540696565659058530
2152967124102998452
2329316710209410097
894404364031567288
6416768931131675932
7309334333684798657
775560646634938584
6997480884090813787
8714221586797999219
8143423588494610207
4015146405229404205
2591900881996524523
6668814806512274927
928807827202166601
7945049627035224771
3129490106680498787
5774516461871207429
9180143493833759835
1930705720285401060
8120415206189667193
6168950847013825253
3402205210149574837
7508619080095046535
1385348192153597009
1897510478886299130
4858850219325895388
3490807550543301332
5244614930691321848
4662876348820257254
3983992617908132914
8095335788106928198
4552939030890362180
5932849157119237986
3360081337179161232
5823207818429514808
8972432765634166132
4092637418390187893
1363540927318223435
1130819700518743114
5028841151454642827
9023086052808552270
5204375195794671988
3117881538427970682
2775748856428203987
6627316761160190558
8993355004422406771
5892986500365956102
9087493739197385703
141535217438849234
4880875435923713136
5321591534133072165
6037555359224169048
4556461943312468095
7751776143418251201
6357578971852987831
6658188480700561630
3448048909946709349
8526953603426324751
929177318022991919
7197539523380448858
2945194716466090536
9207063130729751459
8158873107504435478
6222566224767438852
1089225020640209890
4853681177414108465
7694399477395895784
4200681424242942933
5453070344693448690
4354867178467094521
2797211858920430325
6729967524278630032
4585481256179675494
9202983610661425736
505261926756231243
2080654482442175357
5160176874083988841
637435287466426006
253887041638332448
6608800719868327049
1693664467294977904
6773500383299350035
469544098111633025
906802600783057633
7576746528719687670
6046135566530006590
5313646408253190033
2614882723827774368
5396477548663555409
6934027753284245315
1006562206281051369
4892201753870423093
2539838280675231692
3674869491516398938
4287434017214492856
7220017304962844464
753037096967514605
6032276706889043192
5330489995288573742
2384173031042272951
2245190988394945522
8962273470852203878
1845170643280677551
4124464869824354376
2135342083427387514
7946155023223483495
6775855563318987680
490045625409919375
4808177125863876701
9194107467875814022
5845920534623238882
3378031132375326861
5453299423092960890
6168600516020168678
6146368753949322155
6902901595416841232
4774267946068947821
6847115685897022976
8222206518605663972
5964700578451034379
373705862133231605
3406365046233795117
4520369483875361774
1443946101491985974
4441772352756421352
2312595325000771711
7498309585504043681
7176721379650883717
3404283347135693692
4387626289485413082
242072091582910241
6809802292568788632
4988995138812437126
1283809883432044918
257292171584047851
4003402390834242665
738222005392181527
6724566983337042992
6810499568400143252
6852210577589476611
8075985839165103433
3998737566227643279
862492269843726903
2568895311333794184
2225513509959599003
1643583222408232195
4756417373539715107
7617919774808572286
3888462755910505318
5122476355082125414
4160084366791776317
2574564008626607786
2431890725767392682
2217408497042119571
8313665035924033620
5932363370595453072
3771297433772025272
3983397533626168734
1712884030000603933
3476321780601297535
5340875010163742309
1203480466807899621
5095015034825362973
2940457295892617369
2667254771505923642
3482247099705658386
8424345070300034771
222625745626091760
4450805979806659914
7072245943502759894
1503108981805703439
6547165792838994989
1723997440305091
8998594625252996155
2862527502492098734
9047553014344388637
2952601588640612377
3953893149956598237
3305106028086645365
5722382379142900233
1598483580823733475
8806529167229187017
470344617995194070
508619890990314740
7382875596252964810
4404382044268407924
3091210887227448254
5493854883711937128
3048623395089532918
5142609124735620317
8149714734921649825
471982941752074282
5449561005370886404
2895191219582593113
4244279421780950228
6516301867774157054
5658956426897217592
8921779042819896150
1885452708633631872
6629209498939877624
8702994413190869382
2361402733158999001
1915219249781548752
2062017835635565470
5859011663358284357
9160474848043706038
8313705092136840212
6122135729920777825
4346349561686010693
340107144189781394
8120736346917873036
5860527264317734333
7033473887848331962
3594019669795993907
2796677337083795043
6632779414935383381
3443871006150042188
2395778891271730133
2431479966292706215
5963811647841242867
2793075695736957957
2465324734027999898
